0,-14.63810408812783,-55.69415099058726,12
1,-7.53642200710958,-35.26022031422712,1495
2,-13.2803244398655,-39.302103938682585,1031
3,-21.90352807767749,-43.52343901743184,2941
4,-10.258876411816198,-62.125615958598026,30
5,-9.948056497324211,-67.90185381055132,72
6,-9.736753060980861,-47.91704963012884,97
7,-4.075227630906771,-43.59702598156803,54
8,-21.061494190798406,-48.682461373575464,2050
9,-29.50966776082349,-51.968466820889276,2769
10,-4.139688518604082,-38.69638241631074,789
11,-26.426769511235687,-49.211762527926226,1621
12,-9.637430192356671,-37.78981875804454,104
13,-2.0681590873315527,-58.878409138398965,0
14,-16.331518103229204,-48.234827787951616,2157
15,-23.73596612031938,-51.963158606050385,1071
16,-23.40699438322583,-46.68076524946515,31134
17,-20.260496557366434,-54.19121239155321,326
18,-1.999928243226561,-48.69461261043034,563
19,-19.62558479620725,-41.43540294253553,484
