0	4.365779804287563
1	4.7752199144976455
2	4.636642200348234
3	4.563962101469738
4	4.826964287960429
5	4.348859600940834
6	4.923330384999582
7	2.655809093168238
8	3.3367798325179687
9	4.8556079836288815
10	2.216603848839987
11	4.745269294279193
12	4.667419134284501
13	3.872802584468362
14	3.656121162179419
15	4.952383838106411
16	4.530096917379909
17	4.456394668186945
18	4.244080452229859
19	4.546715513777016
20	4.432406019209784
21	2.544636051630936
22	1.67576311857275
23	1.5105620802794648
24	3.165735706143982
25	2.622600264424132
26	4.364609782145305
27	4.900334201374603
28	4.092372403618979
29	3.2017624067171293
30	3.9242826614907402
31	4.567167016093521
32	2.228971923864165
33	4.870165625525366
34	1.7429861190389808
35	4.298233313568128
36	4.6746602467208955
37	3.973065869088451
38	1.891652496689731
39	3.618131845045222
40	1.645922218175411
41	3.8384865556788323
42	3.608939766456806
43	3.5094889852680264
44	3.6968067487663934
45	4.103075781063202
46	3.8951826055511085
47	3.3405121754447897
48	3.1549450688075797
49	3.7311609208833625
50	1.1743819542442389
51	1.0827383236783044
52	1.6036772976741795
53	3.798656621302254
54	2.701040053318263
55	3.7232069285593217
56	2.3382392218555372
57	1.3319572248826717
58	1.7639157150019855
59	2.9049052784312863
60	4.338087245065253
61	3.7341299057006836
62	2.4290390014648438
63	2.358358010649681
64	1.6451523303985596
65	4.3030173548613675
66	3.6610002517700195
67	3.3701171875
68	2.671333943730133
69	2.8276799684390426
70	1.58172607421875
71	3.232722133398056
72	1.6171875
73	4.47607421875
74	3.828125
75	4.5838623046875
76	3.65625
77	3.3359375
78	2.75
79	2.4375
80	3.453125
81	3.328125
82	4.375
83	3.703125
84	2.05322265625
85	4.15625
86	3.372802734375
87	4.75
88	2.625
90	3.0
91	2.0
92	4.0
94	3.87109375
96	1.0
97	3.0
99	4.71875
100	1.0
101	5.0
102	2.072265625
104	4.75
105	4.0
106	3.25
107	3.875
108	5.0
109	1.0
110	3.5
115	5.0
117	3.0
118	3.75
123	3.0
124	3.25
126	4.0
129	5.0
130	3.0
132	3.5
133	4.25
134	5.0
136	4.75
138	3.0
140	2.875
142	3.0
143	4.25
145	3.84375
148	4.0
164	4.0
166	1.0
167	4.59375
168	1.0
171	4.0
172	5.0
173	3.5
175	4.0
179	3.25
181	3.5
186	4.5
187	4.5
188	3.0
189	2.0
191	1.0
194	1.96875
208	1.625
